23511
39068
52474
61980
60967
16129
65047
21104
6129
7886
38797
27200
30400
13311
64421
65214
63083
64110
48998
58685
14516
35782
35932
2415
23918
21235
59964
13727
56843
32573
41095
60686
20757
11791
57990
61443
11856
35326
48176
45231
40854
33731
44115
62934
11864
63249
8906
42743
42909
60862
53228
43748
59659
47011
40967
26761
52939
59759
41407
51073
7380
16464
25583
5572
50092
24727
63076
28484
8843
27083
17330
50669
4987
12337
194
29339
25586
23033
46033
60466
29069
45557
3994
26558
41252
19158
64406
25879
19274
57562
32527
38328
5513
40104
29941
53567
59644
36187
31207
33427
17972
356
10066
56492
26839
14937
5525
21476
58553
46921
44742
5077
22295
42980
60251
5943
47836
47369
11481
62014
33547
50508
36863
30244
1202
33299
62160
59492
63068
49203
13044
20486
63500
34249
45316
12593
41220
10900
15592
12701
31048
49345
14820
29008
25010
48616
64785
43290
9953
56148
21138
17665
36750
5611
21443
860
63065
11543
40506
4948
3995
55707
53262
5453
38487
37132
27809
47087
19767
11649
58745
21191
43788
25249
6015
54970
8805
63064
46623
39506
49998
11209
42397
63255
55789
26524
27832
52142
38370
33987
40412
54919
64122
38306
18778
29950
45036
26213
20374
48353
30524
18233
21240
41215
16024
47100
22768
65144
14276
3833
5875
5804
1860
12810
57118
17113
42517
51385
65332
10532
62179
51072
49081
39157
5921
62433
36528
36045
51803
42819
64904
56303
28464
1923
17233
34044
58110
36871
52859
28123
22763
51570
62351
9111
33666
41175
64426
55321
49920
58816
15689
17027
47877
2278
46996
29491
7580
32872
673
21719
15613
63840
43524
53843
65081
16130
243
11283
38447
1134
46144
20677
25975
21690
17687
21482
47108
42151
56174
51725
57327
28421
40853
46416
26838
138
55902
14230
8277
64948
17027
51164
41236
7631
5924
43254
32323
13671
25114
46776
15953
41126
7197
52807
64125
22416
2131
33956
48793
58162
16220
5676
1702
16231
19208
26832
59304
43476
54945
13143
21392
61342
47991
21641
22243
63763
12605
47059
22198
57513
13598
53248
63512
39484
38046
22090
3211
7141
10562
8876
19069
44039
41814
17423
47779
50174
9137
2569
11371
13517
59876
10420
6624
34639
35962
6067
40903
3117
51078
605
24116
40239
39350
11812
39459
39468
36066
26665
1691
23381
64416
31127
31989
55839
30037
40536
15705
9422
3205
45254
17281
51188
4891
527
54693
28722
13672
24476
52563
57008
57796
27868
41297
59144
51016
31747
60756
38701
62860
21079
60945
11414
49260
35686
3817
58987
10642
33936
30571
44668
54315
11674
21411
37647
49677
48662
65413
64995
37642
63543
1385
55763
13041
19154
3662
37913
49199
11170
6699
16647
40612
27395
2995
37352
47226
61772
20347
43883
43957
22026
1765
64764
20164
32990
5551
45821
33731
5343
486
15141
43038
49253
6996
5249
10477
50780
34257
3923
29191
45488
51998
31972
53896
16822
39332
10381
17400
17771
30629
22973
44284
30149
62072
26438
7354
64183
16778
26248
11242
22030
22887
22994
45923
2109
64993
36975
6430
41109
53409
5345
49910
43528
33783
29348
44501
18933
63071
31028
36600
38301
53968
7598
20323
59215
33199
11269
40580
33813
28664
5176
64326
65525
31322
973
4771
14408
14972
26665
2594
51956
64096
28507
3063
25905
44586
43817
46158
32488
56495
26991
19194
24365
15471
62927
44500
1190
47663
57165
38257
37049
61813
41249
17173
36791
64323
3317
29370
16839
5447
28200
39541
22966
37186
13820
32802
24291
55857
49073
8903
32759
8360
20006
62843
37793
29339
14981
49481
52505
494
39240
61815
14897
6671
39099
1404
2666
33864
1557
52386
22518
46646
48355
33822
20280
19148
3022
251
7558
46565
6689
32273
42605
29094
7942
11127
9850
48551
22172
8958
19756
26220
26095
19446
991
33346
42417
4850
48953
950
12504
44926
29256
60197
47069
15702
49243
36235
57311
57268
64182
14298
18013
57058
37915
41283
19188
35320
41969
27843
12504
11155
40825
2287
30131
36745
51195
48334
56241
9385
49795
42866
21691
22434
6063
65274
64960
13874
53739
24524
44660
2943
21700
32695
21651
31425
47867
61264
44415
39840
20672
42893
50823
61247
1682
12222
36663
19657
19857
407
21057
29685
41475
7033
62716
4767
62173
9654
52068
13136
3833
15195
49977
11475
43322
60304
52373
59886
24015
56018
9556
21296
21215
5297
30485
38641
40932
31830
16894
15388
1926
19832
37008
20155
53740
36183
26513
28748
44930
64917
20460
17791
38981
17977
64628
11702
6234
57920
45605
43595
35269
63484
19372
37654
25419
54658
32923
38528
12183
50859
23068
27775
31897
30501
19017
10456
21264
62627
19733
49358
41108
42277
29133
56936
44186
28759
36662
44812
53664
53957
6730
24395
35098
19238
52418
16885
35009
22160
11636
16341
34162
7515
5357
40779
55399
47355
60771
43660
4606
8310
59839
24487
44940
58979
34026
33340
2609
63058
52367
60121
59721
59544
53662
20181
20152
43210
57667
27693
23429
30025
13004
13071
64187
27373
38593
20742
9579
12261
33011
15332
32549
2536
57165
19386
5290
63184
29087
38487
43286
51497
26558
33684
5838
62728
37800
39733
23261
39548
26815
62055
21029
31372
49204
11190
35099
16394
8594
61223
45054
53037
21761
36130
57337
60296
51199
35930
22583
19602
52438
52465
20105
23291
48484
49257
56427
3475
21286
47617
39098
18661
9502
17698
38711
27207
49205
43740
64128
17077
36021
47843
4702
18779
855
39979
55569
40408
12929
58192
7367
2182
24857
44485
31069
20672
39861
46729
38815
24384
4961
43012
46357
60093
38671
44343
59421
10257
51677
65101
45564
49799
32139
55544
27053
28173
16724
46829
45388
47301
32481
19434
12924
30049
43172
48059
10076
39168
2988
57198
64175
46843
53891
23083
28139
14534
64379
41319
64712
61633
17241
9401
36266
61928
57652
3698
13299
31955
703
64203
52719
64034
7298
50942
29509
7109
47220
46993
62380
26513
39740
39981
28454
16109
1251
60268
23318
26306
59897
43236
63606
43277
13695
3800
24977
17481
10048
43645
22303
60677
28054
53512
59339
28962
43273
62460
59426
60256
7263
32649
3626
38479
43136
9656
57690
61655
8541
1966
45032
8563
5182
19162
25467
33054
20581
48540
35713
29023
48485
7462
53518
10913
7909
59438
31072
61137
28757
63216
46953
63744
9248
3085
35797
